[ 10.46478603 665.46708585]
[ 28.15045097 633.75724129]
[ 29.3294953  604.39627411]
[ 58.80560353 597.34964198]
[ 74.13317981 583.25637773]
[ 61.16369219 538.62770761]
[ 10.46478603 556.24428792]
[ 82.38649012 646.67606685]
[127.19017463 605.5707128 ]
[121.29495298 562.11648136]
[169.63577049 595.00076461]
[163.74054884 654.89713767]
[124.83208597 663.11820848]
[222.6927653  673.68815666]
[246.27365189 653.72269898]
[229.76703128 619.66397704]
[222.6927653  573.86086824]
[148.41297256 529.23219811]
[148.41297256 504.56898568]
[114.22068701 505.74342437]
[ 97.7140664  466.98694768]
[ 74.13317981 468.16138637]
[ 17.53905201 509.26674043]
[ 38.76184993 501.04566962]
[ 54.08942621 499.87123093]
[124.83208597 528.05775943]
[200.29092305 501.04566962]
[203.82805604 524.53444336]
[225.05085396 535.10439155]
[254.5269622 521.0111273]
[170.81481481 468.16138637]
[228.58798695 495.17347618]
[213.26041067 471.68470243]
[233.30416427 468.16138637]
[214.439455   444.67261262]
[184.96334677 427.05603231]
[156.66628286 420.00940019]
[148.41297256 449.37036737]
[140.15966225 481.08021193]
[121.29495298 450.54480606]
[118.93686433 420.00940019]
[109.50450969 405.91613594]
[ 36.40376127 447.02149   ]
[ 26.97140664 420.00940019]
[ 26.97140664 397.69506513]
[  4.56956438 404.74169725]
[  9.2857417  452.89368343]
[  9.2857417  425.88159362]
[ 44.65707158 422.35827756]
[ 48.19420457 430.57934837]
[ 68.23795817 412.96276806]
[ 81.20744579 427.05603231]
[101.25119939 436.45154181]
[134.26444061 398.86950381]
[138.98061792 418.8349615 ]
[171.99385914 402.39281988]
[171.99385914 383.60180088]
[195.57474573 397.69506513]
[208.54423335 407.09057463]
[208.54423335 424.70715494]
[245.09460756 397.69506513]
[254.5269622 381.2529235]
[282.8240261  395.34618775]
[245.09460756 410.61389069]
[254.5269622  422.35827756]
[284.00307043 424.70715494]
[254.5269622  461.11475425]
[271.03358281 452.89368343]
[285.18211476 470.51026374]
[282.8240261  495.17347618]
[284.00307043 516.31337255]
[275.74976012 556.24428792]
[300.50969104 598.52408067]
[281.64498177 652.54826029]
[109.20974861 480.78660226]
[150.47630013 565.34618775]
[283.11878718 574.15447791]
[331.45960468 624.06812212]
[373.90520054 635.22528965]
[362.11475724 658.12684406]
[370.36806755 608.80041919]
[342.66052581 575.32891659]
[345.01861447 534.81078188]
[337.94434849 508.38591141]
[363.29380157 512.49644682]
[373.90520054 490.7693311 ]
[376.85281136 521.30473697]
[323.20629438 478.43772488]
[313.77393974 438.50680951]
[336.76530416 432.63461608]
[339.12339282 454.36173179]
[364.4728459  461.99558326]
[372.72615621 429.11130001]
[399.25465362 420.8902292 ]
[404.5603531  452.60007376]
[424.01458453 436.74515148]
[432.26789484 425.58798395]
[429.32028401 460.23392523]
[438.75263865 489.00767307]
[475.89253502 490.7693311 ]
[436.39454999 525.41527238]
[455.25925926 593.53271625]
[478.25062368 573.56725856]
[513.62195356 550.66570416]
[531.89714066 585.89886478]
[478.25062368 618.19592868]
[502.42103243 658.7140634 ]
[533.07618499 639.9230444 ]
[507.72673191 508.97313076]
[525.41239685 504.27537601]
[543.09806179 521.89195632]
[534.84475149 453.77451245]
[502.42103243 446.14066098]
[475.30301286 446.14066098]
[473.53444636 467.28055735]
[451.13260411 466.10611867]
[230.06179236 417.95413248]
[268.97025523 378.61043646]
[300.21492996 388.00594596]
[314.95298407 388.00594596]
[300.80445212 405.03530692]
[330.87008252 400.92477152]
[355.63001343 398.57589414]
[342.66052581 388.00594596]
[328.51199386 373.91268171]
[327.92247169 365.10439155]
[346.1976588  377.43599777]
[360.34619075 382.72097186]
[375.08424487 381.54653318]
[394.5384763  373.91268171]
[408.68700825 363.34273352]
[410.45557475 378.61043646]
[380.38994435 407.3841843 ]
[354.4509691  415.01803577]
[405.14987526 400.92477152]
[428.14123969 403.27364889]
[433.44693917 382.13375252]
[449.36403761 384.48262989]
[461.15448091 393.29092005]
[475.30301286 393.29092005]
[467.04970255 429.11130001]
[483.55632316 418.54135183]
[505.36864325 413.84359708]
[526.00191902 423.82632592]
[533.07618499 412.66915839]
[524.23335252 389.76760399]
[495.34676646 390.94204267]
[490.04106697 376.26155908]
[485.32488966 364.51717221]
[471.1763577  371.56380433]
[470.58683554 379.1976558 ]
[512.44290923 360.99385615]
[499.47342161 356.88332074]
[542.50853963 349.24946927]
[533.07618499 368.04048827]
[545.45615045 382.72097186]
[546.63519478 402.68642955]
[543.68758396 491.94376979]
[142.81251199 399.75033283]
[471.70398004 345.72615321]
[569.56465937 604.10266444]
[562.4903934  463.17002195]
[578.99701401 489.59489242]
[614.95786605 509.5603501 ]
[664.47772788 534.22356254]
[702.20714642 582.96276806]
[690.41670313 540.68297532]
[644.43397429 609.38763853]
[604.93598925 591.77105822]
[596.68267895 642.85914112]
[567.79609288 666.93513421]
[663.29868355 662.82459881]
[737.5784763  664.58625684]
[737.5784763  612.91095459]
[769.41267319 646.38245718]
[726.96707734 530.70024647]
[757.03270773 510.73478879]
[777.6659835  561.23565235]
[801.24687008 538.33409794]
[795.35164844 516.01976288]
[817.75349069 523.65361435]
[841.92389944 527.17693041]
[817.16396853 479.02494423]
[779.43454999 493.11820848]
[732.86229898 486.6587957 ]
[725.19851084 464.93167998]
[755.26414124 464.93167998]
[744.65274228 444.96622229]
[739.93656496 426.1752033 ]
[777.6659835  429.11130001]
[804.19448091 436.74515148]
[820.11157935 414.43081642]
[839.56581078 434.98349345]
[794.17260411 607.6259805 ]
[630.8749645  470.80387342]
[645.61301861 443.20456426]
[667.42533871 427.93686133]
[688.05861447 446.72788033]
[690.41670313 467.28055735]
[680.39482633 491.35655045]
[705.74427941 439.6812482 ]
[693.36431395 417.36691314]
[704.56523508 409.73306167]
[721.07185569 430.87295805]
[720.48233353 406.79696495]
[719.3032892  390.94204267]
[747.01083093 413.84359708]
[759.39079639 400.33755217]
[747.6003531  386.24428792]
[780.61359432 389.18038464]
[846.0505546  395.63979742]
[841.92389944 362.75551418]
[875.52666283 375.67433974]
[869.04191902 386.83150727]
[873.16857417 417.95413248]
[851.94577624 423.82632592]
[877.29522932 484.89713767]
[838.97628862 467.28055735]
[885.54853963 561.82287169]
[860.78860871 646.96967653]
[875.52666283 595.88159362]
[883.77997313 646.38245718]
[882.6009288 668.1095729]
[666.83581654 507.21147273]
[643.84445212 509.5603501 ]
[671.55199386 398.57589414]
[639.71779697 402.68642955]
[608.47312224 415.60525511]
[586.07127998 423.23910658]
[574.28083669 404.44808758]
[570.7437037  389.18038464]
[581.35510267 379.1976558 ]
[607.29407791 375.67433974]
[620.8530877  383.30819121]
[617.90547688 390.35482333]
[639.1282748  381.54653318]
[647.38158511 392.11648136]
[659.76155057 375.67433974]
[688.05861447 380.95931383]
[675.67864901 366.86604958]
[704.56523508 377.43599777]
[697.4909691  358.64497877]
[727.5565995  372.73824302]
[732.86229898 359.23219811]
[718.12424487 356.2961014 ]
[745.83178661 368.62770761]
[757.6222299  376.84877843]
[767.05458453 363.34273352]
[815.39540203 358.64497877]
[824.82775667 383.30819121]
[866.68383036 352.77278533]
[890.26471694 353.36000468]
[556.00564959 365.6916109 ]
[599.04076761 358.64497877]
[618.49499904 360.4066368 ]
[626.74830935 353.94722402]
[643.84445212 360.99385615]
[384.34858568 555.95067825]
[443.30080215 675.74342437]
[936.45672616 520.71751763]
[902.85396277 497.22874388]
[927.02437152 468.45499604]
[952.96334677 481.3738216 ]
[979.49184418 488.42045373]
[1004.25177509  508.97313076]
[1018.98982921  547.72960744]
[962.3957014  618.19592868]
[979.49184418 674.56898568]
[984.79754366 649.90577324]
[1010.14699674  621.71924475]
[1019.57935137  658.7140634 ]
[911.10727308 527.76414976]
[905.21205143 445.55344164]
[905.80157359 407.97140364]
[925.84532719 423.82632592]
[954.73191326 422.65188723]
[982.439455   442.03012558]
[952.96334677 453.77451245]
[988.92419881 411.4947197 ]
[1012.5050854   419.71579052]
[995.99846479 390.35482333]
[973.59662253 384.48262989]
[962.98522357 394.46535874]
[932.91959317 399.75033283]
[935.86720399 389.18038464]
[942.94146997 385.06984924]
[955.91095759 376.26155908]
[947.06812512 365.10439155]
[968.88044521 363.92995286]
[958.85856841 352.18556599]
[972.4175782  346.31337255]
[989.51372097 357.47054008]
[984.20802149 370.97658499]
[1001.89368643  368.62770761]
[1021.34791787  390.94204267]
[1016.63174055  461.40836392]
[1010.7365189   436.74515148]
[1021.93744003  479.02494423]
[921.12914988 349.83668862]
[935.27768183 356.2961014 ]
[1009.55747457  349.83668862]
[750.75724429 351.0111273 ]
[771.39052005 350.42390796]
[799.09806179 373.91268171]
[838.00652466 344.55171452]
[667.63461908 333.98176634]
[667.63461908 318.12684406]
[687.08885051 347.48781124]
[690.03646133 336.91786305]
[678.24601804 349.83668862]
[614.57762426 346.31337255]
[547.37209749 331.04566962]
[566.23680675 345.13893387]
[567.41585108 360.4066368 ]
[759.0105546  336.91786305]
[774.92765304 333.39454699]
[813.83611591 330.45845027]
[825.03703704 315.77796668]
[793.20284015 343.96449518]
[865.7140664  338.09230174]
[880.45212051 336.33064371]
[895.19017463 342.20283715]
[942.94146997 336.33064371]
[939.40433698 322.82459881]
[957.67952408 333.98176634]
[985.38706582 338.09230174]
[1000.12511994  325.76069552]
[728.35540203 231.80560053]
[750.75724429 231.21838119]
[767.2638649  248.24774216]
[774.92765304 218.88677497]
[758.42103243 213.01458153]
[785.53905201 220.06121366]
[796.15045097 222.41009103]
[815.01516024 222.41009103]
[810.29898292 199.50853663]
[855.6921896  198.92131729]
[838.59604682 204.79351072]
[880.45212051 208.31682678]
[900.49587411 222.41009103]
[918.77106122 219.47399431]
[932.91959317 221.23565235]
[955.91095759 230.0439425 ]
[970.64901171 241.20111003]
[978.90232201 218.29955563]
[971.23853387 200.09575597]
[997.76703128 211.2529235 ]
[995.40894262 240.02667134]
[1021.34791787  215.95067825]
[1010.7365189   199.50853663]
[985.97658799 195.98522057]
[964.16426789 188.3513691 ]
[944.71003646 188.93858844]
[934.68815966 199.50853663]
[915.23392823 200.09575597]
[899.90635195 197.7468786 ]
[886.93686433 191.87468516]
[875.7359432  185.41527238]
[898.72730762 184.24083369]
[901.08539628 175.43254354]
[915.82345039 174.84532419]
[914.0548839 188.3513691]
[928.20341585 184.24083369]
[932.91959317 173.08366616]
[951.78430244 176.01976288]
[830.56380733 189.52580779]
[828.20571867 213.60180088]
[792.83438879 201.857414  ]
[801.67722126 186.88332074]
[778.68585684 195.98522057]
[821.42621378 188.93858844]
[831.1533295  180.13029829]
[846.18614469 178.9558596 ]
[839.4066398  174.55171452]
[854.14469392 169.5603501 ]
[855.02897716 174.84532419]
[863.87180963 176.31337255]
[873.59892535 177.78142091]
[872.41988102 168.67952109]
[884.21032431 161.63288896]
[878.02034159 161.33927929]
[875.95701401 151.94376979]
[875.07273076 156.0543052 ]
[866.22989829 158.99040191]
[860.92419881 164.86259535]
[843.23853387 158.99040191]
[854.14469392 153.99903749]
[855.02897716 147.83323438]
[863.57704855 150.7693311 ]
[867.11418154 146.07157635]
[869.76703128 139.61216357]
[881.85223566 141.3738216 ]
[874.4832086  146.07157635]
[892.46363462 146.95240537]
[903.66455575 140.19938292]
[887.15793514 154.58625684]
[902.19075034 154.58625684]
[890.40030704 164.86259535]
[888.92650163 170.14756944]
[902.7802725  166.91786305]
[913.98119363 160.75205995]
[906.90692765 169.85395977]
[913.98119363 152.82459881]
[914.86547688 142.54826029]
[899.53790059 116.71060917]
[921.64498177 154.29264716]
[923.11878718 145.48435701]
[933.73018614 144.89713767]
[934.02494723 157.22874388]
[946.69967377 157.22874388]
[941.98349645 168.38591141]
[944.93110727 163.10093732]
[950.82632892 164.86259535]
[953.77393974 153.41181815]
[942.57301861 147.24601504]
[950.82632892 143.72269898]
[949.94204567 136.08884751]
[969.10151602 141.66743128]
[963.20629438 154.29264716]
[974.70197659 152.82459881]
[973.22817118 146.07157635]
[982.95528689 149.30128274]
[992.38764153 146.07157635]
[984.4290923 158.1095729]
[976.76530416 163.68815666]
[958.78487814 165.74342437]
[965.85914412 169.85395977]
[969.10151602 177.78142091]
[975.29149875 173.96449518]
[980.59719823 180.42390796]
[992.09288045 181.30473697]
[996.2195356  177.78142091]
[995.33525235 170.44117912]
[996.2195356  160.75205995]
[994.4509691  154.87986651]
[1004.17808482  148.12684406]
[1004.76760699  157.52235355]
[1015.96852811  151.35655045]
[1021.2742276   143.72269898]
[1008.00997889  172.49644682]
[1012.13663404  159.28401159]
[1004.4728459   188.64497877]
[1020.97946651  190.11302713]
[1013.61043945  180.13029829]
[1021.2742276   174.25810485]
[1018.32661677  168.09230174]
[1020.68470543  162.51371798]
[1021.2742276   153.11820848]
[813.46766456 175.13893387]
[819.95240837 166.91786305]
[827.02667434 160.75205995]
[822.31049703 153.70542782]
[839.4066398  149.30128274]
[835.86950681 156.64152454]
[831.1533295  151.06294077]
[805.21435425 151.35655045]
[798.43484936 159.28401159]
[797.25580503 166.62425338]
[786.0548839  171.02839846]
[806.39339858 167.5050824 ]
[808.45672616 158.40318257]
[793.42391096 151.35655045]
[784.87583957 160.45845027]
[779.27537901 156.34791487]
[776.62252927 152.53098913]
[827.61619651 143.42908931]
[848.83899443 147.83323438]
[756.90596047 189.52580779]
[735.38840146 183.94722402]
[730.08270198 204.49990105]
[713.28132028 218.88677497]
[700.01707158 233.27364889]
[686.45806179 229.16311349]
[697.06946076 206.84877843]
[695.89041643 190.70024647]
[708.56514297 190.4066368 ]
[723.59795817 177.19420157]
[729.19841873 171.02839846]
[731.26174631 164.56898568]
[739.51505661 157.81596323]
[749.24217233 159.28401159]
[746.2945615  164.56898568]
[737.74649012 171.32200813]
[759.85357129 170.73478879]
[750.12645557 175.43254354]
[756.02167722 165.15620502]
[770.75973134 173.37727583]
[773.41258108 182.77278533]
[779.89732489 179.83668862]
[786.97159087 178.36864026]
[785.49778545 184.53444336]
[774.29686433 168.09230174]
[767.51735943 162.80732765]
[759.55881021 157.22874388]
[751.60026099 152.53098913]
[758.37976588 147.83323438]
[751.3054999  138.73133456]
[763.98022644 142.84186996]
[769.58068701 146.95240537]
[784.02398004 144.01630865]
[829.41718672 173.37727583]
[662.38197659 210.37209449]
[642.33822299 223.29092005]
[624.35779697 228.28228447]
[593.11312224 218.88677497]
[643.8120284  249.42218084]
[627.89492996 203.32546236]
[641.15917866 210.66570416]
[646.75963922 206.26155908]
[639.68537325 202.44463335]
[639.09585108 191.28746582]
[647.34916139 192.4619045 ]
[649.11772788 198.04048827]
[677.70955287 206.55516875]
[673.8776588  198.62770761]
[667.39291499 192.4619045 ]
[661.79245442 186.00249172]
[673.58289772 188.64497877]
[674.17241988 183.06639501]
[688.02619075 193.34273352]
[681.54144694 188.93858844]
[683.31001343 183.65361435]
[694.80569564 181.59834665]
[669.45624256 175.72615321]
[683.31001343 174.84532419]
[672.40385339 167.79869207]
[667.68767607 161.33927929]
[671.81433122 150.7693311 ]
[686.25762426 157.52235355]
[682.72049127 165.44981469]
[690.38427941 165.74342437]
[696.86902322 158.99040191]
[703.35376703 163.10093732]
[700.11139513 171.02839846]
[707.1856611  168.09230174]
[710.13327192 172.20283715]
[682.1309691  146.95240537]
[673.8776588  140.49299259]
[665.32958741 143.72269898]
[688.910474   143.13547963]
[695.39521781 140.49299259]
[694.51093456 148.42045373]
[705.41709461 144.01630865]
[700.99567837 141.3738216 ]
[726.63989254 149.00767307]
[711.90183842 149.00767307]
[738.43033583 145.77796668]
[652.65486087 146.95240537]
[643.22250624 146.36518602]
[644.40155057 108.19592868]
[622.88399156 111.71924475]
[582.50172328 108.19592868]
[605.19832662 175.43254354]
[593.40788332 180.42390796]
[586.62837843 195.98522057]
[572.77460756 195.10439155]
[600.77691038 191.87468516]
[613.746398   185.70888205]
[606.37737095 206.26155908]
[615.22020342 197.15965925]
[628.7792132 186.2961014]
[624.35779697 177.78142091]
[626.42112454 172.20283715]
[617.28353099 170.73478879]
[605.19832662 169.5603501 ]
[593.70264441 170.44117912]
[581.61744003 156.34791487]
[580.73315678 171.32200813]
[589.28122817 150.47572143]
[590.75503358 140.19938292]
[596.35549415 144.01630865]
[599.30310497 149.59489242]
[599.30310497 153.41181815]
[606.67213203 158.69679224]
[595.76597198 156.93513421]
[616.39924775 152.23737946]
[611.68307043 144.01630865]
[609.03022069 149.59489242]
[627.01064671 155.76069552]
[634.67443485 144.89713767]
[639.68537325 165.74342437]
[642.33822299 160.1648406 ]
[651.77057762 164.27537601]
[652.36009979 180.71751763]
[660.31864901 153.11820848]
[641.74870083 178.9558596 ]
[580.4383957  181.89195632]
[585.74409518 175.43254354]
[599.30310497 165.15620502]
[612.86211476 166.62425338]
[591.93407791 161.33927929]
[657.96056035 141.66743128]
[701.58520054 151.65016012]
[708.65946651 157.22874388]
[723.69228171 162.80732765]
[745.79936289 176.9005919 ]
[788.53971982 189.23219811]
[802.39349069 178.07503058]
[744.91507964 199.8021463 ]
[717.79706007 199.21492696]
[685.96286317 200.38936564]
[433.9200307  247.07330347]
[400.90678948 245.89886478]
[459.85900595 242.66915839]
[434.21479179 221.52926202]
[471.64944924 228.57589414]
[491.10368068 245.60525511]
[486.68226444 212.42736219]
[504.95745154 217.41872661]
[511.73695644 247.66052281]
[515.56885051 229.16311349]
[530.30690462 214.48262989]
[533.54927653 244.72442609]
[544.75019766 227.40145545]
[551.82446363 216.24428792]
[565.38347342 234.74169725]
[510.85267319 205.08712039]
[501.42031856 195.6916109 ]
[512.91600077 192.75551418]
[518.22170025 198.62770761]
[532.66499328 198.33409794]
[541.21306467 189.81941746]
[553.00350796 191.87468516]
[557.71968528 197.15965925]
[552.4139858  202.44463335]
[533.25451545 181.89195632]
[535.31784302 169.26674043]
[547.99256956 170.44117912]
[565.08871234 180.13029829]
[548.28733065 182.18556599]
[565.6782345  166.03703404]
[436.86764153 203.03185269]
[418.29769334 201.857414  ]
[408.57057762 192.4619045 ]
[402.97011706 181.89195632]
[421.54006525 184.82805304]
[419.47673767 173.96449518]
[408.27581654 167.79869207]
[421.54006525 161.04566962]
[434.50955287 166.03703404]
[436.86764153 175.13893387]
[438.34144694 189.23219811]
[446.59475724 192.75551418]
[453.37426214 200.68297532]
[457.79567837 192.16829483]
[449.83712915 183.94722402]
[455.7323508  179.54307894]
[451.60569564 169.5603501 ]
[462.80661677 182.47917566]
[471.94421032 186.00249172]
[471.94421032 196.57243991]
[472.53373249 205.96794941]
[463.9856611  210.37209449]
[442.17334101 159.57762126]
[430.97241988 157.81596323]
[436.57288045 152.82459881]
[438.63620802 148.7140634 ]
[451.01617348 151.94376979]
[454.55330647 158.99040191]
[462.21709461 157.52235355]
[470.47040491 157.81596323]
[462.80661677 152.23737946]
[470.17564383 149.88850209]
[463.39613894 146.6587957 ]
[477.54467089 144.30991832]
[485.20845903 149.88850209]
[488.74559202 164.86259535]
[480.49228171 175.72615321]
[474.89182115 179.54307894]
[485.20845903 181.0111273 ]
[495.52509691 171.90922748]
[500.83079639 168.38591141]
[511.14743427 163.68815666]
[506.43125696 155.46708585]
[499.94651315 153.99903749]
[518.81122241 154.87986651]
[526.76977164 150.7693311 ]
[502.3046018  142.54826029]
[516.74789484 142.25465062]
[525.59072731 166.03703404]
[520.57978891 173.96449518]
[538.85497601 162.2201083 ]
[531.48594895 159.57762126]
[533.84403761 153.99903749]
[509.37886778 188.05775943]
[501.42031856 182.18556599]
[416.23436576 225.63979742]
[404.14916139 215.06984924]
[399.13822299 215.36345891]
[418.00293226 211.84014285]
[396.19061217 193.04912385]
[387.05301861 192.75551418]
[557.71968528 154.29264716]
[540.91830359 149.88850209]
[550.05589714 149.88850209]
[561.55157935 145.19074734]
[567.446801   152.53098913]
[526.18024947 188.93858844]
[568.62584533 147.24601504]
[294.82080215 252.94549691]
[276.54561505 250.30300986]
[259.44947227 239.14584233]
[252.96472846 216.5378976 ]
[271.23991556 210.07848482]
[261.80756093 206.84877843]
[276.54561505 196.57243991]
[287.15701401 207.43599777]
[284.50416427 220.35482333]
[274.48228747 229.75033283]
[300.42126271 229.45672316]
[318.9912109  228.28228447]
[316.04360008 250.59661953]
[334.90830935 240.90750036]
[357.89967377 244.13720675]
[376.46962195 246.48608412]
[350.82540779 224.17174906]
[340.21400883 217.71233628]
[331.96069852 211.2529235 ]
[310.44313951 207.43599777]
[295.99984648 193.34273352]
[288.33605834 190.4066368 ]
[285.38844751 183.65361435]
[268.29230474 187.76414976]
[252.96472846 190.70024647]
[250.90140088 201.27019466]
[260.33375552 196.86604958]
[245.89046248 180.13029829]
[257.97566686 170.44117912]
[270.35563232 169.85395977]
[277.13513721 175.13893387]
[263.87088851 177.48781124]
[285.38844751 168.67952109]
[299.24221838 166.33064371]
[305.13744003 182.47917566]
[318.40168874 181.89195632]
[318.10692765 187.17693041]
[330.48689311 184.82805304]
[322.82310497 195.98522057]
[318.69644982 191.28746582]
[334.0240261  193.04912385]
[330.19213203 198.04048827]
[340.80353099 202.44463335]
[347.87779697 210.37209449]
[354.36254078 207.1423881 ]
[357.3101516  196.86604958]
[352.59397429 188.64497877]
[349.35160238 184.53444336]
[341.09829207 172.49644682]
[326.06547688 169.26674043]
[313.09598925 163.98176634]
[313.68551142 171.90922748]
[319.58073306 174.84532419]
[324.29691038 178.36864026]
[323.70738822 162.80732765]
[317.81216657 155.76069552]
[310.14837843 152.82459881]
[300.12650163 151.94376979]
[290.694147   153.41181815]
[324.88643255 150.47572143]
[346.69875264 160.75205995]
[340.80353099 155.46708585]
[354.36254078 150.47572143]
[352.2992132  143.72269898]
[356.72062944 161.04566962]
[352.2992132  173.08366616]
[360.25776243 173.08366616]
[366.74250624 178.9558596 ]
[384.72293226 179.54307894]
[383.54388793 168.38591141]
[373.81677221 171.02839846]
[367.92155057 162.51371798]
[379.41723278 160.1648406 ]
[369.69011706 153.70542782]
[377.3539052 150.7693311]
[387.96530416 154.58625684]
[394.15528689 150.7693311 ]
[384.72293226 150.47572143]
[398.87146421 157.22874388]
[409.18810209 153.70542782]
[402.70335828 149.59489242]
[393.27100365 163.10093732]
[395.03957014 171.32200813]
[400.34526962 202.44463335]
[389.43910958 204.79351072]
[368.51107273 200.38936564]
[383.83864901 199.21492696]
[374.11153329 189.52580779]
[385.90197659 220.06121366]
[462.53985799 170.73478879]
[471.67745154 169.5603501 ]
[426.57900595 150.47572143]
[ 90.38483209 262.63461608]
[ 83.60532719 238.85223266]
[ 81.54199962 219.47399431]
[ 61.20348494 239.439452  ]
[104.53336404 238.55862299]
[102.76479754 219.47399431]
[ 90.67959317 211.2529235 ]
[ 88.02674343 200.97658499]
[ 71.52012282 206.55516875]
[ 60.61396277 207.72960744]
[127.81948954 245.01803577]
[122.51379006 215.36345891]
[126.05092305 205.08712039]
[111.31286893 203.03185269]
[148.74752639 234.44808758]
[147.86324314 255.29437428]
[170.2650854  263.51544509]
[170.55984648 239.73306167]
[191.78264441 246.48608412]
[199.44643255 220.648433  ]
[215.36353099 234.44808758]
[213.5949645  218.88677497]
[216.24781424 212.72097186]
[238.94441758 241.78832938]
[220.96399156 255.29437428]
[238.94441758 221.52926202]
[196.79358281 211.84014285]
[168.20175782 216.24428792]
[149.04228747 214.48262989]
[135.48327768 210.66570416]
[112.78667434 193.04912385]
[ 98.04862023 187.76414976]
[106.8914527  180.42390796]
[132.24090578 188.93858844]
[121.92426789 183.65361435]
[142.55754366 199.21492696]
[161.12749184 206.55516875]
[162.01177509 200.09575597]
[155.2322702 192.4619045]
[181.76076761 192.75551418]
[183.82409518 217.41872661]
[185.88742276 206.26155908]
[189.42455575 203.61907204]
[197.08834389 200.38936564]
[209.76307043 202.15102368]
[200.03595471 190.99385615]
[197.08834389 178.9558596 ]
[209.46830935 190.11302713]
[223.32208021 192.75551418]
[213.88972558 176.60698223]
[243.36583381 192.75551418]
[222.43779697 175.43254354]
[218.31114182 168.38591141]
[235.11252351 175.43254354]
[233.34395701 163.98176634]
[243.07107273 164.56898568]
[248.08201113 158.40318257]
[256.9248436  157.81596323]
[273.43146421 159.28401159]
[283.15857993 156.93513421]
[ 67.98298983 191.58107549]
[ 78.29962771 194.81078188]
[ 81.54199962 187.76414976]
[ 82.42628286 182.47917566]
[ 90.090071   174.84532419]
[ 68.86727308 179.24946927]
[ 57.66635195 171.90922748]
[ 60.31920169 175.43254354]
[ 62.97205143 161.63288896]
[ 59.72967952 156.93513421]
[ 85.37389369 155.46708585]
[ 79.47867204 164.56898568]
[ 71.8148839  163.10093732]
[ 86.25817693 169.26674043]
[ 96.28005373 163.98176634]
[101.8805143  166.91786305]
[ 95.1010094  169.85395977]
[107.77573594 172.49644682]
[111.31286893 164.27537601]
[122.51379006 163.39454699]
[127.52472846 158.1095729 ]
[137.54660526 163.10093732]
[146.68419881 161.92649863]
[144.62087123 166.33064371]
[146.09467665 171.6156178 ]
[138.13612742 176.60698223]
[154.34798695 173.67088551]
[144.91563232 181.0111273 ]
[165.84366916 170.14756944]
[175.2760238  177.48781124]
[181.76076761 179.83668862]
[185.88742276 166.03703404]
[172.03365189 158.1095729 ]
[165.254147   152.53098913]
[152.57942046 151.94376979]
[203.5730877  163.68815666]
[215.06876991 159.57762126]
[225.09064671 157.81596323]
[231.28062944 153.41181815]
[226.56445212 163.39454699]
[ 22.47630013 243.84359708]
[  8.0330071  251.18383887]
[  5.96967952 225.9334071 ]
[  5.96967952 216.24428792]
[  9.80157359 204.79351072]
[ 22.18153905 211.2529235 ]
[ 39.57244291 229.45672316]
[ 38.68815966 201.27019466]
[ 19.52868931 197.7468786 ]
[ 15.69679524 179.54307894]
[  7.14872385 180.71751763]
[ 15.99155632 189.23219811]
[ 38.68815966 188.05775943]
[ 49.29955863 191.87468516]
[ 46.3519478  183.06639501]
[ 44.28862023 176.01976288]
[ 39.27768183 169.85395977]
[ 27.48723853 176.9005919 ]
[ 16.87583957 169.26674043]
[ 37.50911533 162.51371798]
[ 46.64670889 165.15620502]
[ 52.54193053 160.75205995]
[  3.31682978 161.92649863]
[  6.26444061 170.73478879]
[  8.62252927 166.91786305]
[  3.31682978 195.98522057]
[  1.54826329 186.88332074]
[ 21.29725581 159.57762126]
[ 25.42391096 156.64152454]
[ 31.86738822 115.53617048]
[ 72.83917866 133.73997014]
[ 86.69294953 132.27192178]
[ 98.48339282 129.04221539]
[158.9094147  119.05948654]
[191.33313376 116.12338982]
[215.79830359 114.06812212]
[214.61925926 107.02149   ]
[235.5472961  110.25119639]
[264.1405949  110.54480606]
[259.42441758 108.19592868]
[429.50156208  81.18383887]
[434.51250048  82.06466789]
[471.69955863  91.60698223]
[478.7738246   96.59834665]
[487.61665707  73.1095729 ]
[504.71279985  91.9005919 ]
[518.56657072  93.36864026]
[529.17796968  91.31337255]
[545.68459029  95.71751763]
[545.09506813  68.70542782]
[555.41170601  53.14411521]
[570.73928229  55.19938292]
[583.41400883  52.2632862 ]
[587.54066398  81.91786305]
[596.97301861  88.96449518]
[603.45776243  73.99040191]
[633.22863174  68.99903749]
[641.18718096  56.3738216 ]
[619.37486087  73.99040191]
[635.29195932  56.66743128]
[513.8503934  118.61907204]
[537.72604107 118.32546236]
[485.25856841 119.79351072]
[436.62298983 137.99731038]
[466.68862023 139.17174906]
[679.09640376  40.812509  ]
[690.88684705  61.36518602]
[698.55063519  41.69333801]
[709.45679524  42.8677767 ]
[713.58345039  71.0543052 ]
[753.08143543  46.9783121 ]
[768.99853387  45.21665407]
[788.4527653   41.69333801]
[829.71931683  43.45499604]
[790.76369219 140.9334071 ]
[797.248436   143.28228447]
