[149.79593398 471.43900518]
[186.64420663 459.87423834]
[135.81900298 426.03658722]
[202.73885446 483.00377202]
[202.73885446 465.01413472]
[207.39783146 448.7377962 ]
[210.78617837 456.44764076]
[204.00948455 407.19030052]
[258.22303511 474.43727807]
[249.32862447 440.17130225]
[255.68177493 452.59271848]
[ 18.95860287 383.63244214]
[ 63.43065607 480.43382383]
[ 50.30081179 475.72225216]
[ 86.72554108 450.87941969]
[ 99.00829863 453.87769257]
[139.24491819 435.88805527]
[ 92.65514817 378.49254577]
[ 82.06656408 399.48045596]
[ 76.98404371 387.48736442]
[ 51.14789852 321.09703627]
[ 46.06537815 324.09530915]
[112.1381429  330.94850432]
[113.83231636 337.37337478]
[114.67940309 317.67043869]
[ 96.89058181 318.09876339]
[123.57381373 359.21793437]
[135.00948455 363.92950604]
[136.28011464 377.63589637]
[106.20853581 261.13157858]
[ 19.38214624 296.6825285 ]
[ 12.18190905 288.11603454]
[  8.79356214 295.8258791 ]
[283.83207917 487.7153437 ]
[260.96073753 494.99686356]
[244.44254634 431.17648359]
[227.07726843 414.47182038]
[271.54932162 428.60653541]
[284.25562254 438.88632815]
[285.94979599 427.74988601]
[310.51531109 453.87769257]
[325.33932882 480.00549914]
[338.4691731  473.58062867]
[336.77499965 465.01413472]
[345.24586692 449.5944456 ]
[343.1281501  444.02622453]
[354.56382093 460.73088774]
[353.29319083 421.32501554]
[328.30413237 436.74470466]
[328.72767574 424.32328843]
[331.26893592 415.75679447]
[330.42184919 407.61862522]
[325.76287219 401.19375475]
[343.55169347 386.63071503]
[192.77025596 417.89841796]
[202.08820996 390.913962  ]
[208.86490379 396.48218307]
[207.59427369 388.34401382]
[213.52388079 389.20066321]
[219.45348788 390.48563731]
[215.21805424 398.62380656]
[230.46561534 391.7706114 ]
[231.31270207 402.47872884]
[219.87703124 399.90878066]
[249.94861007 402.05040415]
[264.34908444 405.04867703]
[256.30176053 393.91223489]
[249.52506671 385.34574093]
[241.90128616 377.63589637]
[239.78356934 371.21102591]
[235.5481357  378.92087047]
[224.11246488 375.06594819]
[210.9826206  375.06594819]
[210.55907724 362.21620725]
[207.17073033 356.21966149]
[204.20592678 349.36646632]
[209.28844715 345.08321934]
[215.64159761 344.65489465]
[218.18285779 353.2213886 ]
[246.98380653 357.07631088]
[253.33695698 357.50463558]
[258.84302071 359.21793437]
[249.10152334 370.78270121]
[257.57239062 372.0676753 ]
[260.96073753 376.77924698]
[264.34908444 386.20239033]
[267.73743135 390.05731261]
[286.79688272 402.90705354]
[297.80901018 399.90878066]
[294.42066327 393.48391019]
[294.84420663 386.63071503]
[283.83207917 384.91741623]
[298.65609691 373.78097409]
[294.42066327 370.78270121]
[289.3381429  378.92087047]
[280.44373226 372.496     ]
[307.12696418 372.0676753 ]
[307.12696418 392.1989361 ]
[315.59783146 401.19375475]
[296.96192345 409.7602487 ]
[331.26893592 387.05903972]
[322.37452528 382.77579275]
[317.29200491 378.49254577]
[313.903658   358.78960967]
[312.63302791 368.21275302]
[330.84539255 361.78788256]
[244.86608971 350.22311572]
[240.2071127  348.93814162]
[233.43041888 346.36819344]
[229.61852861 344.65489465]
[224.95955161 339.94332297]
[266.89034462 339.08667358]
[277.90247208 346.79651813]
[302.04444382 349.79479102]
[311.78594118 342.08494646]
[307.55050755 336.51672539]
[299.50318363 329.66353022]
[290.60877299 326.66525734]
[286.37333936 322.38201036]
[282.56144908 333.9467772 ]
[277.47892872 329.23520553]
[263.07845435 334.3751019 ]
[251.21924016 332.66180311]
[202.51175333 336.08840069]
[187.6877356  342.94159585]
[190.65253914 333.9467772 ]
[188.11127896 329.23520553]
[196.58214624 319.81206218]
[192.3467126 314.6721658]
[206.3236436  312.95886701]
[227.07726843 320.66871157]
[238.51293925 324.95195855]
[221.99474806 317.67043869]
[216.06514097 316.81378929]
[213.10033742 313.81551641]
[227.07726843 311.24556822]
[250.37215344 324.95195855]
[271.12577826 369.06940242]
[166.38356934 310.81724352]
[175.27797998 303.96404836]
[179.51341362 297.96750259]
[185.01947735 297.96750259]
[189.67845435 302.25074957]
[179.51341362 287.25938515]
[166.8071127  285.97441105]
[174.00734989 284.26111226]
[173.16026316 278.26456649]
[154.52435516 298.82415199]
[180.36050035 319.81206218]
[150.71246488 308.24729534]
[154.94789852 309.96059413]
[160.03041888 304.39237306]
[179.93695698 342.94159585]
[201.9612119  304.39237306]
[207.89081899 299.68080138]
[203.23184199 295.3975544 ]
[202.38475526 289.82933333]
[196.87869153 285.11776166]
[191.3726278  289.82933333]
[191.3726278  281.69116408]
[183.74884726 279.12121589]
[196.87869153 278.69289119]
[207.04373226 282.11948877]
[209.58499245 288.97268394]
[214.66751281 297.96750259]
[235.844681   318.52708808]
[234.57405091 313.81551641]
[232.03279073 307.81897064]
[232.87987745 303.10739896]
[228.64444382 298.39582729]
[234.57405091 295.8258791 ]
[241.77428809 298.82415199]
[234.57405091 290.68598273]
[224.83255354 288.54435924]
[234.57405091 284.26111226]
[229.06798718 280.83451468]
[253.63350228 301.82242487]
[258.71602265 306.53399655]
[269.7281501  312.53054231]
[268.88106338 317.24211399]
[259.98665274 326.66525734]
[258.29247928 296.2542038 ]
[254.48058901 292.82760622]
[249.82161201 287.25938515]
[272.69295365 301.39410017]
[264.64562974 285.11776166]
[256.17476246 282.54781347]
[345.24883173 350.43727807]
[350.33135209 354.72052504]
[330.00127063 344.4407323 ]
[342.70757154 338.44418653]
[338.47213791 322.16784801]
[335.93087772 314.45800345]
[319.40972173 314.88632815]
[325.33932882 322.16784801]
[313.903658   315.74297755]
[307.55050755 310.60308117]
[304.16216064 308.46145769]
[287.64396945 296.46836615]
[288.91459954 289.18684629]
[293.99711991 297.75334024]
[303.73861727 290.90014508]
[310.93885446 292.18511917]
[313.903658   299.03831434]
[318.562635   297.75334024]
[324.06869873 298.60998964]
[326.60995892 302.46491192]
[323.64515537 306.74815889]
[332.11602265 293.47009326]
[326.60995892 290.04349568]
[321.95098191 285.33192401]
[344.82232356 285.33192401]
[336.35145628 287.0452228 ]
[339.73980319 284.04694991]
[343.1281501  295.61171675]
[346.51649701 299.89496373]
[347.36358374 305.4631848 ]
[354.14027756 308.03313299]
[349.48130056 323.8811468 ]
[354.14027756 329.02104318]
[330.84539255 329.02104318]
[299.926727   281.90532642]
[295.26775    278.47872884]
[307.12696418 282.76197582]
[308.82113764 278.47872884]
[313.05657128 272.48218307]
[317.71554828 274.62380656]
[317.29200491 264.77233851]
[313.903658   257.91914335]
[334.65728283 261.77406563]
[348.63421383 273.33883247]
[354.98736429 277.19375475]
[355.41090765 269.05558549]
[345.66941029 254.06422107]
[339.73980319 247.21102591]
[350.75193065 248.496     ]
[357.52862447 255.77751986]
[275.3612119 285.7602487]
[275.3612119  291.75679447]
[278.74955881 280.19202763]
[274.09058181 278.90705354]
[286.79688272 281.47700173]
[279.59664554 273.33883247]
[272.81995172 270.76888428]
[287.22042608 272.05385838]
[293.99711991 271.62553368]
[300.77381373 270.76888428]
[300.77381373 264.77233851]
[298.65609691 261.34574093]
[295.69129336 258.34746805]
[287.22042608 257.06249396]
[287.22042608 252.77924698]
[236.39522243 274.62380656]
[230.8891587  270.34055959]
[215.64159761 277.19375475]
[213.10033742 270.76888428]
[221.99474806 263.48736442]
[231.31270207 263.05903972]
[234.27750561 257.49081865]
[236.81876579 261.77406563]
[243.17191625 267.7706114 ]
[246.98380653 264.34401382]
[242.32482952 258.34746805]
[254.18404371 262.20239033]
[256.30176053 272.48218307]
[263.50199771 273.33883247]
[263.07845435 263.48736442]
[269.43160481 261.77406563]
[272.39640835 258.34746805]
[277.90247208 262.20239033]
[280.44373226 254.06422107]
[276.20829863 252.77924698]
[265.61971453 256.20584456]
[262.65491099 253.63589637]
[252.48987025 248.496     ]
[249.10152334 249.3526494 ]
[240.2071127  253.63589637]
[235.5481357  253.63589637]
[286.37333936 266.05731261]
[210.55907724 262.63071503]
[198.27631969 255.77751986]
[203.78238342 258.34746805]
[224.11246488 254.92087047]
[222.84183479 250.20929879]
[221.5712047  244.64107772]
[212.67679406 244.21275302]
[241.05419943 242.07112953]
[258.84302071 242.49945423]
[259.69010744 237.78788256]
[263.07845435 241.21448014]
[268.16097471 241.64280484]
[267.73743135 247.6393506 ]
[279.17310217 241.21448014]
[276.63184199 236.07458377]
[282.98499245 238.64453195]
[287.64396945 239.92950604]
[299.50318363 234.78960967]
[296.11483672 241.21448014]
[302.04444382 241.21448014]
[305.00924736 239.50118135]
[305.43279073 230.93468739]
[309.66822437 228.7930639 ]
[309.66822437 242.07112953]
[317.29200491 250.20929879]
[320.68035182 244.21275302]
[326.18641555 246.35437651]
[326.18641555 231.36301209]
[319.40972173 232.64798618]
[331.26893592 231.36301209]
[338.04562974 224.93814162]
[335.08082619 220.22656995]
[338.89271647 219.79824525]
[346.51649701 215.51499827]
[349.48130056 220.65489465]
[352.44610411 217.22829706]
[354.14027756 232.21966149]
[310.51531109 221.08321934]
[304.585704   225.36646632]
[318.13909164 217.65662176]
[299.07964027 218.51327116]
[294.42066327 227.93641451]
[289.3381429  226.22311572]
[283.83207917 231.79133679]
[272.81995172 232.21966149]
[265.61971453 230.078038  ]
[262.65491099 227.50808981]
[271.12577826 223.22484283]
[267.31388799 221.93986874]
[276.63184199 218.94159585]
[275.3612119  227.07976511]
[281.29081899 224.50981693]
[285.52625263 223.65316753]
[280.44373226 219.36992055]
[277.47892872 214.23002418]
[275.3612119 209.5184525]
[280.44373226 200.95195855]
[283.40853581 207.80515371]
[284.6791659  202.66525734]
[287.22042608 208.23347841]
[290.18522963 206.09185492]
[293.15003318 200.95195855]
[293.15003318 209.9467772 ]
[301.19735709 211.66007599]
[299.07964027 207.80515371]
[296.11483672 203.95023143]
[303.31507391 205.23520553]
[312.20948455 212.51672539]
[316.44491819 213.80169948]
[319.40972173 209.9467772 ]
[320.68035182 205.66353022]
[335.50436956 208.66180311]
[161.50057461 266.48563731]
[159.38285779 257.49081865]
[164.88892152 261.34574093]
[165.31246488 249.78097409]
[162.7712047  245.06940242]
[175.47750561 244.21275302]
[180.13648261 244.21275302]
[170.81852861 248.9243247 ]
[176.32459234 264.77233851]
[188.18380653 274.19548187]
[183.94837289 266.913962  ]
[174.20687552 271.62553368]
[185.21900298 254.92087047]
[186.48963307 260.91741623]
[180.56002598 250.63762349]
[184.37191625 250.63762349]
[189.45443662 246.35437651]
[190.30152334 241.64280484]
[193.68987025 248.0676753 ]
[195.80758707 251.92259758]
[244.09153054 236.93123316]
[247.47987745 241.21448014]
[249.17405091 235.64625907]
[254.68011464 233.07631088]
[253.40948455 225.79479102]
[246.20924736 220.22656995]
[240.70318363 228.36473921]
[251.71531109 219.36992055]
[250.02113764 214.23002418]
[253.83302791 211.2317513 ]
[256.37428809 216.37164767]
[259.33909164 220.65489465]
[256.79783146 207.80515371]
[259.762635   206.09185492]
[261.45680846 201.80860794]
[265.26869873 209.5184525 ]
[263.99806864 199.23865976]
[267.38641555 194.95541278]
[269.08058901 203.95023143]
[247.47987745 206.94850432]
[249.17405091 202.66525734]
[242.82090045 204.37855613]
[241.126727   209.09012781]
[233.07940309 211.2317513 ]
[233.92648981 206.94850432]
[230.11459954 201.38028325]
[234.35003318 202.66525734]
[236.46775    200.09530915]
[239.85609691 194.95541278]
[246.63279073 192.38546459]
[245.785704   187.67389292]
[242.39735709 189.38719171]
[257.64491819 194.09876339]
[250.86822437 188.53054231]
[255.95074473 188.95886701]
[250.86822437 195.38373748]
[272.04539255 198.38201036]
[275.85728283 200.09530915]
[285.5987802  190.24384111]
[244.93861727 180.82069775]
[238.58546682 185.96059413]
[237.73838009 182.53399655]
[233.07940309 182.10567185]
[231.80877299 186.81724352]
[235.19711991 230.078038  ]
[234.35003318 235.64625907]
[226.72625263 238.21620725]
[152.1826206  257.06249396]
[151.75907724 248.9243247 ]
[140.74694978 240.78615544]
[139.47631969 247.21102591]
[144.98238342 251.92259758]
[133.12316923 235.64625907]
[134.39379933 227.50808981]
[149.64136042 231.79133679]
[155.57096751 236.50290846]
[160.65348788 229.2213886 ]
[172.0891587  236.07458377]
[166.58309497 230.93468739]
[162.34766133 221.93986874]
[167.85372506 225.36646632]
[171.66561534 225.36646632]
[172.93624543 230.078038  ]
[178.01876579 233.50463558]
[176.7481357  225.36646632]
[182.6777428  234.78960967]
[187.3367198  239.07285665]
[186.91317643 234.78960967]
[184.37191625 228.36473921]
[184.79545962 224.50981693]
[194.53695698 227.50808981]
[197.07821716 230.078038  ]
[198.77239062 234.36128497]
[200.89010744 238.21620725]
[201.3136508  228.36473921]
[201.73719417 224.50981693]
[200.89010744 212.94505009]
[204.70199771 217.65662176]
[210.20806144 228.7930639 ]
[214.44349508 232.21966149]
[211.05514817 236.93123316]
[219.52601545 239.50118135]
[220.79664554 230.93468739]
[218.67892872 224.93814162]
[219.94955881 218.94159585]
[215.71412517 217.65662176]
[211.05514817 217.22829706]
[228.42042608 218.08494646]
[222.49081899 212.94505009]
[223.33790572 205.23520553]
[223.33790572 198.38201036]
[215.71412517 195.38373748]
[209.78451808 203.09358204]
[211.47869153 200.09530915]
[202.16073753 197.95368566]
[199.61947735 205.66353022]
[193.26632689 212.94505009]
[193.68987025 218.08494646]
[187.76026316 221.93986874]
[186.06608971 217.22829706]
[183.10128616 215.94332297]
[173.35978879 213.80169948]
[170.39498525 210.8034266 ]
[167.4301817  208.23347841]
[166.58309497 204.37855613]
[170.39498525 202.23693264]
[178.44230916 203.09358204]
[178.44230916 209.09012781]
[182.25419943 212.51672539]
[186.48963307 211.66007599]
[185.64254634 205.66353022]
[183.94837289 202.23693264]
[194.96050035 209.09012781]
[188.18380653 195.81206218]
[190.72506671 193.67043869]
[196.23113044 191.5288152 ]
[197.07821716 187.24556822]
[200.46656408 185.53226943]
[208.51388799 190.6721658 ]
[215.29058181 191.1004905 ]
[208.09034462 179.96404836]
[209.78451808 176.10912608]
[216.5612119  174.39582729]
[209.36097471 184.24729534]
[216.5612119  181.67734715]
[221.2201889  182.10567185]
[221.64373226 187.67389292]
[196.23113044 177.82242487]
[200.04302071 178.67907427]
[200.89010744 173.96750259]
[204.70199771 178.25074957]
[177.17167907 176.10912608]
[182.25419943 182.10567185]
[190.30152334 188.95886701]
[183.52482952 188.53054231]
[187.76026316 185.53226943]
[155.77357654 230.93468739]
[154.50294645 224.50981693]
[147.30270927 221.93986874]
[146.8791659  216.79997237]
[153.23231636 220.65489465]
[156.62066327 219.79824525]
[155.77357654 214.65834888]
[157.89129336 209.5184525 ]
[161.70318363 213.37337478]
[162.55027036 200.52363385]
[165.93861727 196.24038687]
[171.444681   198.81033506]
[176.52720137 198.38201036]
[182.0332651  193.67043869]
[175.68011464 191.9571399 ]
[168.47987745 191.9571399 ]
[161.70318363 193.24211399]
[152.38522963 193.24211399]
[147.72625263 194.09876339]
[146.8791659  198.81033506]
[152.80877299 200.09530915]
[156.19711991 203.95023143]
[160.00901018 205.23520553]
[158.31483672 200.09530915]
[155.35003318 197.95368566]
[136.71412517 212.94505009]
[132.47869153 210.8034266 ]
[125.27845435 211.2317513 ]
[121.89010744 211.66007599]
[122.3136508  215.94332297]
[123.16073753 220.22656995]
[127.39617117 227.07976511]
[134.17286499 222.79651813]
[120.19593398 223.22484283]
[117.6546738  217.65662176]
[112.9956968  217.65662176]
[111.30152334 213.37337478]
[115.11341362 206.09185492]
[118.92530389 202.23693264]
[123.16073753 199.66698446]
[125.27845435 195.81206218]
[131.63160481 192.81378929]
[344.25037342 110.57544732]
[139.25538535 197.52536097]
[137.98475526 192.81378929]
[ 99.86585252 203.95023143]
[104.10128616 203.52190674]
[103.6777428 209.5184525]
[110.87797998 208.66180311]
[130.78451808 202.66525734]
[134.17286499 202.66525734]
[137.5612119  202.23693264]
[138.83184199 209.5184525 ]
[126.9726278  207.80515371]
[148.57333936 238.64453195]
[149.84396945 246.35437651]
[ 89.27726843 198.81033506]
[ 84.19474806 199.66698446]
[ 79.53577106 199.66698446]
[ 83.7712047 209.5184525]
[ 92.24207197 209.5184525 ]
[ 95.20687552 206.94850432]
[ 93.51270207 199.23865976]
[ 99.86585252 198.81033506]
[104.10128616 198.38201036]
[102.83065607 195.38373748]
[ 94.78333216 194.09876339]
[ 90.97144188 189.81551641]
[ 88.85372506 194.09876339]
[ 83.7712047  194.09876339]
[ 77.84159761 192.38546459]
[ 73.1826206 190.6721658]
[ 76.14742415 187.24556822]
[ 82.92411797 185.96059413]
[ 87.58309497 186.81724352]
[ 87.15955161 182.53399655]
[ 90.12435516 184.24729534]
[ 94.35978879 186.81724352]
[100.28939589 185.53226943]
[ 97.32459234 182.10567185]
[ 93.93624543 180.82069775]
[ 88.4301817  179.10739896]
[ 90.12435516 175.68080138]
[ 98.59522243 174.39582729]
[100.28939589 179.53572366]
[104.10128616 182.96232124]
[109.60734989 185.10394473]
[112.57215344 183.81897064]
[115.11341362 180.82069775]
[111.72506671 177.82242487]
[112.14861007 173.53917789]
[112.9956968  168.82760622]
[115.53695698 173.53917789]
[107.06608971 173.96750259]
[ 95.20687552 171.3975544 ]
[ 91.81852861 170.54090501]
[ 87.58309497 170.11258031]
[ 93.51270207 166.68598273]
[ 88.00663834 165.82933333]
[ 86.73600824 162.40273575]
[100.28939589 167.11430743]
[104.10128616 169.25593092]
[103.6777428  165.40100864]
[ 95.63041888 162.83106045]
[ 90.54789852 161.11776166]
[ 99.01876579 163.25938515]
[ 99.44230916 157.69116408]
[100.71293925 153.4079171 ]
[ 99.01876579 149.98131952]
[ 94.78333216 146.98304663]
[ 96.47750561 143.55644905]
[103.6777428  143.55644905]
[101.56002598 146.55472193]
[102.83065607 150.40964421]
[105.37191625 155.12121589]
[108.3367198  159.40446287]
[109.60734989 152.9795924 ]
[107.48963307 143.98477375]
[102.83065607 139.27320207]
[ 90.97144188 143.12812435]
[ 91.39498525 138.84487737]
[ 68.94718697 130.27838342]
[ 68.94718697 139.70152677]
[ 71.06490379 127.28011054]
[ 70.64136042 133.704981  ]
[ 96.47750561 138.41655268]
[106.21900298 140.98650086]
[115.53695698 154.69289119]
[117.23113044 160.68943696]
[117.6546738  149.98131952]
[109.18380653 136.70325389]
[100.28939589 133.704981  ]
[ 93.93624543 131.99168221]
[104.10128616 136.27492919]
[112.14861007 140.55817617]
[115.96050035 143.55644905]
[113.41924016 147.83969603]
[108.76026316 147.41137133]
[119.34884726 146.55472193]
[122.73719417 145.26974784]
[122.73719417 150.83796891]
[123.16073753 156.40618998]
[122.73719417 162.40273575]
[120.61947735 168.82760622]
[114.68987025 164.97268394]
[109.60734989 163.68770984]
[104.10128616 159.83278756]
[ 91.81852861 157.26283938]
[ 87.15955161 157.26283938]
[129.93743135 150.40964421]
[126.9726278  145.69807254]
[135.01995172 148.26802073]
[134.17286499 155.54954059]
[131.20806144 158.11948877]
[129.51388799 161.97441105]
[132.47869153 170.54090501]
[125.27845435 165.82933333]
[129.09034462 167.11430743]
[122.73719417 181.24902245]
[116.80758707 186.81724352]
[119.34884726 173.96750259]
[126.9726278 173.1108532]
[133.74932162 176.10912608]
[130.36097471 183.81897064]
[137.5612119  181.67734715]
[137.98475526 175.68080138]
[143.06727563 170.54090501]
[137.98475526 170.54090501]
[141.79664554 156.83451468]
[143.91436236 151.26629361]
[131.20806144 138.84487737]
[117.23113044 137.98822798]
[164.66798718 153.4079171 ]
[172.29176773 153.4079171 ]
[178.22137482 156.40618998]
[178.22137482 151.69461831]
[157.04420663 158.11948877]
[152.80877299 153.8362418 ]
[162.97381373 159.40446287]
[166.785704   163.25938515]
[170.59759427 158.54781347]
[176.52720137 164.54435924]
[173.56239782 167.54263212]
[163.39735709 166.68598273]
[157.46775    167.54263212]
[168.90342082 179.10739896]
[163.39735709 174.39582729]
[164.24444382 180.39237306]
[159.16192345 173.96750259]
[153.23231636 170.54090501]
[149.84396945 175.25247668]
[144.33790572 177.39410017]
[146.8791659  183.81897064]
[151.11459954 182.10567185]
[156.62066327 179.96404836]
[157.04420663 184.24729534]
[164.24444382 186.38891883]
[171.444681   187.24556822]
[182.88035182 170.54090501]
[181.60972173 164.97268394]
[184.99806864 155.54954059]
[188.80995892 153.4079171 ]
[193.04539255 158.11948877]
[190.08058901 160.26111226]
[203.63397665 159.83278756]
[204.90460674 167.11430743]
[200.6691731  169.25593092]
[194.31602265 167.97095682]
[211.68130056 159.83278756]
[219.30508111 168.39928152]
[212.52838729 165.40100864]
[219.30508111 158.11948877]
[238.93648261 161.54608636]
[244.86608971 161.11776166]
[227.07726843 171.3975544 ]
[226.65372506 161.54608636]
[241.90128616 168.82760622]
[257.57239062 172.6825285 ]
[255.03113044 180.39237306]
[271.54932162 178.25074957]
[267.31388799 175.68080138]
[269.85514817 169.68425561]
[269.85514817 164.11603454]
[257.57239062 161.11776166]
[252.06632689 161.11776166]
[265.61971453 158.11948877]
[275.3612119  170.11258031]
[279.17310217 168.82760622]
[282.13790572 163.25938515]
[296.96192345 159.40446287]
[303.31507391 167.97095682]
[294.84420663 180.82069775]
[288.91459954 180.82069775]
[302.46798718 182.53399655]
[305.00924736 185.53226943]
[307.97405091 191.9571399 ]
[312.63302791 195.81206218]
[316.86846155 182.53399655]
[321.95098191 182.53399655]
[327.03350228 176.10912608]
[332.11602265 185.96059413]
[345.24586692 188.10221762]
[353.7167342  188.10221762]
[351.17547402 170.54090501]
[351.17547402 174.82415199]
[347.78712711 172.6825285 ]
[305.43279073 471.86732988]
